292.934 -0.269730
292.944 -0.269983
292.954 -0.270177
292.964 -0.270304
292.974 -0.267535
292.984 -0.267620
292.994 -0.269901
293.004 -0.268207
293.014 -0.267000
293.024 -0.265086
293.035 -0.267805
293.045 -0.269234
293.055 -0.270538
293.065 -0.271963
293.075 -0.269156
293.085 -0.269907
293.095 -0.268977
293.105 -0.269364
293.115 -0.268436
293.125 -0.268442
293.135 -0.268984
293.145 -0.269502
293.155 -0.269296
293.165 -0.270381
293.175 -0.269216
293.185 -0.270699
293.195 -0.269814
293.206 -0.267953
293.216 -0.269671
293.226 -0.272297
293.236 -0.272485
293.246 -0.270848
293.256 -0.270278
293.266 -0.270350
293.276 -0.269456
293.286 -0.271700
293.296 -0.272820
293.306 -0.274772
293.316 -0.272641
293.326 -0.272731
293.336 -0.273043
293.346 -0.272459
293.356 -0.273818
293.366 -0.273841
293.376 -0.274616
293.386 -0.276734
293.396 -0.276257
293.406 -0.273097
293.416 -0.273824
293.426 -0.276394
293.436 -0.278429
293.446 -0.279192
293.456 -0.278365
293.466 -0.275352
293.476 -0.277439
293.486 -0.276828
293.496 -0.278536
293.506 -0.278641
293.516 -0.277992
293.526 -0.280409
293.536 -0.281747
293.547 -0.280974
293.557 -0.278459
293.567 -0.277779
293.577 -0.276213
293.587 -0.277083
293.597 -0.276000
293.607 -0.277745
293.617 -0.276192
293.627 -0.276789
293.637 -0.277974
293.647 -0.277769
293.657 -0.277693
293.667 -0.276648
293.677 -0.276292
293.687 -0.274764
293.697 -0.273963
293.707 -0.274195
293.718 -0.274175
293.728 -0.276244
293.738 -0.276362
293.748 -0.275284
293.758 -0.275938
293.768 -0.274425
293.778 -0.275615
293.788 -0.274083
293.798 -0.275608
293.808 -0.275439
293.818 -0.274010
293.828 -0.273096
293.838 -0.275112
293.848 -0.274509
293.858 -0.273035
293.868 -0.271526
293.878 -0.271063
293.888 -0.270464
293.898 -0.271217
293.908 -0.271757
293.918 -0.271937
293.928 -0.272956
293.938 -0.271906
293.948 -0.271302
293.958 -0.271191
293.968 -0.270215
293.978 -0.269913
293.988 -0.272465
293.998 -0.271098
294.008 -0.273331
294.018 -0.272252
294.028 -0.271192
294.038 -0.271932
294.048 -0.270532
294.059 -0.269379
294.069 -0.269718
294.079 -0.271518
294.089 -0.272549
294.099 -0.273889
294.109 -0.272362
294.119 -0.271049
294.129 -0.271320
294.139 -0.272685
294.149 -0.270947
294.159 -0.270877
294.169 -0.272867
294.179 -0.271993
294.189 -0.270576
294.199 -0.269413
294.209 -0.271747
294.219 -0.270844
294.230 -0.273886
294.240 -0.273862
294.250 -0.274024
294.260 -0.271627
294.270 -0.270409
294.280 -0.269339
294.290 -0.271440
294.300 -0.274034
294.310 -0.275100
294.320 -0.269583
294.330 -0.268142
294.340 -0.267320
294.350 -0.270894
294.360 -0.270536
294.370 -0.265637
294.380 -0.257317
294.390 -0.258360
294.400 -0.263095
294.410 -0.274002
294.420 -0.278014
294.430 -0.278866
294.440 -0.272621
294.450 -0.271640
294.460 -0.268633
294.470 -0.269216
294.480 -0.267840
294.490 -0.265547
294.500 -0.266016
294.510 -0.267430
294.520 -0.265513
294.530 -0.266226
294.540 -0.269420
294.550 -0.266021
294.560 -0.264517
294.571 -0.264153
294.581 -0.263977
294.591 -0.263736
294.601 -0.261734
294.611 -0.259697
294.621 -0.262071
294.631 -0.264866
294.641 -0.267283
294.651 -0.265596
294.661 -0.263648
294.671 -0.262220
294.681 -0.262261
294.691 -0.263614
294.701 -0.262651
294.711 -0.264144
294.721 -0.266295
294.731 -0.268121
294.742 -0.266818
294.752 -0.265828
294.762 -0.265313
294.772 -0.267232
294.782 -0.266899
294.792 -0.265651
294.802 -0.266448
294.812 -0.265573
294.822 -0.265740
294.832 -0.268936
294.842 -0.268182
294.852 -0.266041
294.862 -0.267194
294.872 -0.268481
294.882 -0.268605
294.892 -0.270435
294.902 -0.271125
294.912 -0.268420
294.922 -0.269531
294.932 -0.268647
294.942 -0.270213
294.952 -0.270031
294.962 -0.272598
294.972 -0.272801
294.982 -0.271849
294.992 -0.267506
295.002 -0.267688
295.012 -0.268602
295.022 -0.273244
295.032 -0.272884
295.042 -0.271569
295.052 -0.272814
295.062 -0.304610
295.072 -0.306223
295.083 -0.253965
295.093 -0.265555
295.103 -0.275157
295.113 -0.263382
295.123 -0.252493
295.133 -0.254954
295.143 -0.280309
295.153 -0.283487
295.163 -0.281051
295.173 -0.271158
295.183 -0.272138
295.193 -0.268893
295.203 -0.265002
295.213 -0.266483
295.223 -0.264304
295.233 -0.266051
295.243 -0.270874
295.254 -0.271970
295.264 -0.273132
295.274 -0.271753
295.284 -0.271337
295.294 -0.270835
295.304 -0.267242
295.314 -0.265930
295.324 -0.266977
295.334 -0.270024
295.344 -0.274012
295.354 -0.269927
295.364 -0.263240
295.374 -0.262319
295.384 -0.266333
295.394 -0.268227
295.404 -0.268533
295.414 -0.272259
295.424 -0.270443
295.434 -0.264741
295.444 -0.262678
295.454 -0.262415
295.464 -0.265076
295.474 -0.266769
295.484 -0.268935
295.494 -0.271099
295.504 -0.272585
295.514 -0.270758
295.524 -0.269797
295.534 -0.268083
295.544 -0.477172
295.554 -0.446340
295.564 -0.441645
295.574 -0.374989
295.584 -0.335846
295.595 -0.311080
295.605 -0.311471
295.615 -0.311878
295.625 -0.306536
295.635 -0.294425
295.645 -0.290817
295.655 -0.277384
295.665 -0.267295
295.675 -0.267432
295.685 -0.265710
295.695 -0.266704
295.705 -0.270021
295.715 -0.270051
295.725 -0.271023
295.735 -0.270604
295.745 -0.268085
295.755 -0.272252
295.766 -0.274065
295.776 -0.272872
295.786 -0.267772
295.796 -0.268674
295.806 -0.268786
295.816 -0.270523
295.826 -0.270435
295.836 -0.271500
295.846 -0.271106
295.856 -0.271709
295.866 -0.272703
295.876 -0.274963
295.886 -0.274791
295.896 -0.273591
295.906 -0.272222
295.916 -0.380492
295.926 -0.320909
295.936 -0.351223
295.946 -0.331830
295.956 -0.315737
295.966 -0.303462
295.976 -0.289449
295.986 -0.280627
295.996 -0.274048
296.006 -0.265696
296.016 -0.260150
296.026 -0.246484
296.036 -0.235210
296.046 -0.223578
296.056 -0.208943
296.066 -0.195868
296.076 -0.190856
296.086 -0.197852
296.096 -0.208527
296.107 -0.213267
296.117 -0.210199
296.127 -0.198175
296.137 -0.184808
296.147 -0.172249
296.157 -0.161004
296.167 -0.152272
296.177 -0.150041
296.187 -0.150350
296.197 -0.153386
296.207 -0.158258
296.217 -0.158716
296.227 -0.157467
296.237 -0.158018
296.247 -0.149748
296.257 -0.133225
296.267 -0.115389
296.278 -0.139469
296.288 -0.133177
296.298 -0.105222
296.308 -0.078094
296.318 -0.083931
296.328 -0.081105
296.338 -0.063786
296.348 -0.043079
296.358 -0.037853
296.368 -0.041723
296.378 -0.038960
296.388 -0.024698
296.398 -0.021677
296.408 -0.018670
296.418 -0.007472
296.428 0.016944
296.438 0.039968
296.448 0.055570
296.458 0.065098
296.468 0.075565
296.478 0.089931
296.488 0.087232
296.498 0.137344
296.508 0.176199
296.518 0.083717
296.528 0.068294
296.538 0.073464
296.548 0.078154
296.558 0.055106
296.568 0.037294
296.578 0.086738
296.588 0.102526
296.598 0.112826
296.608 0.131884
296.619 0.153847
296.629 0.156446
296.639 0.154710
296.649 0.167491
296.659 0.187337
296.669 0.191871
296.679 0.200705
296.689 0.223291
296.699 0.242311
296.709 0.250359
296.719 0.258466
296.729 0.269013
296.739 0.268147
296.749 0.285423
296.759 0.299202
296.769 0.312659
296.779 0.324091
296.790 0.333747
296.800 0.345658
296.810 0.350816
296.820 0.353061
296.830 0.355296
296.840 0.354958
296.850 0.359976
296.860 0.369608
296.870 0.386035
296.880 0.397200
296.890 0.405614
296.900 0.402013
296.910 0.391167
296.920 0.380470
296.930 0.386360
296.940 0.404095
296.950 0.419959
296.960 0.438715
296.970 0.446265
296.980 0.448884
296.990 0.448594
297.000 0.444377
297.010 0.445337
297.020 0.441307
297.030 0.436913
297.040 0.411165
297.050 0.427154
297.060 0.412958
297.070 0.394466
297.080 0.368628
297.090 0.354179
297.100 0.350484
297.110 0.313761
297.120 0.215547
297.131 -0.050613
297.141 -0.058159
297.151 -0.066336
297.161 -0.075251
297.171 -0.083651
297.181 -0.078713
297.191 -0.083573
297.201 -0.082176
297.211 -0.082809
297.221 -0.082795
297.231 -0.087421
297.241 -0.097361
297.251 -0.104312
297.261 -0.113894
297.271 -0.128153
297.281 -0.135299
297.291 -0.143045
297.302 -0.152169
297.312 -0.160146
297.322 -0.168839
297.332 -0.175303
297.342 -0.182142
297.352 -0.192492
297.362 -0.198062
297.372 -0.201928
297.382 -0.202663
297.392 -0.213701
297.402 -0.221621
297.412 -0.224450
297.422 -0.238916
297.432 -0.253535
297.442 -0.275867
297.452 -0.286626
297.462 -0.287930
297.472 -0.290021
297.482 -0.294975
297.492 -0.301824
297.502 -0.307293
297.512 -0.313856
297.522 -0.324270
297.532 -0.328548
297.542 -0.331885
297.552 -0.347491
297.562 -0.348289
297.572 -0.351942
297.582 -0.362183
297.592 -0.370218
297.602 -0.371629
297.612 -0.374312
297.622 -0.387318
297.632 -0.386040
297.643 -0.381181
297.653 -0.393013
297.663 -0.388895
297.673 -0.396331
297.683 -0.409730
297.693 -0.410264
297.703 -0.401653
297.713 -0.413186
297.723 -0.421145
297.733 -0.413736
297.743 -0.410101
297.753 -0.412540
297.763 -0.412439
297.773 -0.413133
297.783 -0.409560
297.793 -0.407726
297.803 -0.406149
297.814 -0.409562
297.824 -0.412188
297.834 -0.410822
297.844 -0.407054
297.854 -0.405803
297.864 -0.403586
297.874 -0.403582
297.884 -0.398748
297.894 -0.394425
297.904 -0.395165
297.914 -0.391989
297.924 -0.388463
297.934 -0.389084
297.944 -0.384968
297.954 -0.386187
297.964 -0.383956
297.974 -0.384225
297.984 -0.377916
297.994 -0.374738
298.004 -0.370819
298.014 -0.366722
298.024 -0.357505
298.034 -0.353031
298.044 -0.347399
298.054 -0.339645
298.064 -0.329082
298.074 -0.323080
298.084 -0.316515
298.094 -0.306018
298.104 -0.299446
298.114 -0.293315
298.124 -0.286183
298.134 -0.277720
298.144 -0.272400
298.155 -0.265032
298.165 -0.264385
298.175 -0.254989
298.185 -0.252650
298.195 -0.245616
298.205 -0.240534
298.215 -0.233337
298.225 -0.228887
298.235 -0.222513
298.245 -0.215898
298.255 -0.215718
298.265 -0.212108
298.275 -0.201150
298.285 -0.196915
298.295 -0.195780
298.305 -0.193015
298.315 -0.190304
298.326 -0.189825
298.336 -0.186009
298.346 -0.172701
298.356 -0.175564
298.366 -0.172295
298.376 -0.183101
298.386 -0.175592
298.396 -0.171933
298.406 -0.162944
298.416 -0.164416
298.426 -0.157631
298.436 -0.153232
298.446 -0.148903
298.456 -0.145658
298.466 -0.146074
298.476 -0.143230
298.486 -0.136209
298.496 -0.135444
298.506 -0.136192
298.516 -0.135896
298.526 -0.137429
298.536 -0.138411
298.546 -0.144128
298.556 -0.141666
298.566 -0.144929
298.576 -0.152949
298.586 -0.155794
298.596 -0.155066
298.606 -0.150142
298.616 -0.152541
298.626 -0.153257
298.636 -0.161613
298.646 -0.166770
298.656 -0.181934
298.667 -0.188434
298.677 -0.189308
298.687 -0.187191
298.697 -0.192027
298.707 -0.201980
298.717 -0.208804
298.727 -0.219059
298.737 -0.214271
298.747 -0.221722
298.757 -0.219117
298.767 -0.229077
298.777 -0.233301
298.787 -0.241037
298.797 -0.247147
298.807 -0.251280
298.817 -0.260489
298.827 -0.269807
298.838 -0.278642
298.848 -0.288114
298.858 -0.290844
298.868 -0.287560
298.878 -0.300519
298.888 -0.297384
298.898 -0.299183
298.908 -0.305592
298.918 -0.314507
298.928 -0.313014
298.938 -0.321230
298.948 -0.332771
298.958 -0.337281
298.968 -0.344427
298.978 -0.349111
298.988 -0.359411
298.998 -0.354226
299.008 -0.352227
299.018 -0.360146
299.028 -0.364316
299.038 -0.365757
299.048 -0.368384
299.058 -0.376002
299.068 -0.375200
299.078 -0.377041
299.088 -0.381484
299.098 -0.385580
299.108 -0.381943
299.118 -0.381719
299.128 -0.383079
299.138 -0.382827
299.148 -0.381191
299.158 -0.388116
299.168 -0.386635
299.179 -0.386529
299.189 -0.381951
299.199 -0.381040
299.209 -0.375927
299.219 -0.370098
299.229 -0.370805
299.239 -0.371652
299.249 -0.372794
299.259 -0.370663
299.269 -0.368880
299.279 -0.367807
299.289 -0.365486
299.299 -0.361006
299.309 -0.360696
299.319 -0.362024
299.329 -0.358247
299.339 -0.354734
299.350 -0.352171
299.360 -0.349057
299.370 -0.346408
299.380 -0.343895
299.390 -0.341218
299.400 -0.341766
299.410 -0.338705
299.420 -0.335660
299.430 -0.330015
299.440 -0.325439
299.450 -0.323200
299.460 -0.317385
299.470 -0.312878
299.480 -0.307654
299.490 -0.297120
299.500 -0.294166
299.510 -0.288943
299.520 -0.285765
299.530 -0.280780
299.540 -0.269347
299.550 -0.262197
299.560 -0.256352
299.570 -0.250951
299.580 -0.244649
299.590 -0.238051
299.600 -0.236140
299.610 -0.232291
299.620 -0.230933
299.630 -0.226601
299.640 -0.228684
299.650 -0.228177
299.660 -0.233690
299.670 -0.230977
299.680 -0.226967
299.691 -0.220852
299.701 -0.219010
299.711 -0.212477
299.721 -0.209105
299.731 -0.202274
299.741 -0.204648
299.751 -0.200436
299.761 -0.197462
299.771 -0.195148
299.781 -0.192973
299.791 -0.184813
299.801 -0.182417
299.811 -0.180859
299.821 -0.178811
299.831 -0.181004
299.841 -0.178839
299.851 -0.181064
299.862 -0.184267
299.872 -0.176476
299.882 -0.170942
299.892 -0.169428
299.902 -0.169727
299.912 -0.171671
299.922 -0.174119
299.932 -0.176936
299.942 -0.180177
299.952 -0.184109
299.962 -0.188710
299.972 -0.188350
299.982 -0.190161
299.992 -0.190693
300.002 -0.196730
300.012 -0.196920
300.022 -0.200717
300.032 -0.204242
300.042 -0.203186
300.052 -0.202324
300.062 -0.205696
300.072 -0.213246
300.082 -0.215541
300.092 -0.221777
300.102 -0.227463
300.112 -0.233945
300.122 -0.242121
300.132 -0.248698
300.142 -0.246775
300.152 -0.237402
300.162 -0.225236
300.172 -0.255051
300.182 -0.266472
300.192 -0.271266
300.203 -0.277477
300.213 -0.285001
300.223 -0.279755
300.233 -0.278925
300.243 -0.280268
300.253 -0.287421
300.263 -0.286716
300.273 -0.291581
300.283 -0.301421
300.293 -0.303329
300.303 -0.304277
300.313 -0.312109
300.323 -0.316363
300.333 -0.316432
300.343 -0.316513
300.353 -0.319464
300.363 -0.325541
300.374 -0.327137
300.384 -0.332511
300.394 -0.338537
300.404 -0.343897
300.414 -0.349362
300.424 -0.355705
300.434 -0.358389
300.444 -0.359636
300.454 -0.359094
300.464 -0.359566
300.474 -0.363739
300.484 -0.365356
300.494 -0.367256
300.504 -0.364770
300.514 -0.363464
300.524 -0.360015
300.534 -0.360073
300.544 -0.360830
300.554 -0.363318
300.564 -0.356883
300.574 -0.355622
300.584 -0.355798
300.594 -0.352970
300.604 -0.354572
300.614 -0.351649
300.624 -0.352855
300.634 -0.349607
300.644 -0.344786
300.654 -0.342172
300.664 -0.342180
300.674 -0.342621
300.684 -0.340947
300.694 -0.339456
300.704 -0.337247
300.715 -0.333697
300.725 -0.332335
300.735 -0.330720
300.745 -0.327980
300.755 -0.324540
300.765 -0.320944
300.775 -0.317945
300.785 -0.317036
300.795 -0.314298
300.805 -0.310438
300.815 -0.308018
300.825 -0.306967
300.835 -0.307674
300.845 -0.303279
300.855 -0.303292
300.865 -0.303210
300.875 -0.303951
300.886 -0.298571
300.896 -0.294728
300.906 -0.294628
300.916 -0.289718
300.926 -0.284008
300.936 -0.276407
300.946 -0.273526
300.956 -0.264416
300.966 -0.257308
300.976 -0.252566
300.986 -0.250122
300.996 -0.245422
301.006 -0.237333
301.016 -0.235816
301.026 -0.236409
301.036 -0.233318
301.046 -0.228894
301.056 -0.228886
301.066 -0.227421
301.076 -0.225017
301.086 -0.221284
301.096 -0.221370
301.106 -0.222440
301.116 -0.220636
301.126 -0.222842
301.136 -0.219616
301.146 -0.222564
301.156 -0.223165
301.166 -0.220944
301.176 -0.219681
301.186 -0.217284
301.196 -0.215787
301.206 -0.213892
301.216 -0.211026
301.227 -0.210816
301.237 -0.210500
301.247 -0.206346
301.257 -0.216193
301.267 -0.212180
301.277 -0.206419
301.287 -0.205171
301.297 -0.215016
301.307 -0.215572
301.317 -0.212819
301.327 -0.214714
301.337 -0.218831
301.347 -0.217103
301.357 -0.215560
301.367 -0.213856
301.377 -0.217521
301.387 -0.220127
301.398 -0.222664
301.408 -0.226244
301.418 -0.228441
301.428 -0.229388
301.438 -0.232041
301.448 -0.234201
301.458 -0.233384
301.468 -0.241809
301.478 -0.242542
301.488 -0.247992
301.498 -0.253453
301.508 -0.256934
301.518 -0.258684
301.528 -0.258611
301.538 -0.262513
301.548 -0.263338
301.558 -0.265146
301.568 -0.269183
301.578 -0.268533
301.588 -0.273140
301.598 -0.273776
301.608 -0.278976
301.618 -0.280768
301.628 -0.284914
301.638 -0.286271
301.648 -0.288892
301.658 -0.291912
301.668 -0.295856
301.678 -0.298831
301.688 -0.302343
301.698 -0.304879
301.708 -0.309823
301.718 -0.311377
301.728 -0.313839
301.739 -0.317490
301.749 -0.320570
301.759 -0.322381
301.769 -0.324467
301.779 -0.324018
301.789 -0.326582
301.799 -0.328911
301.809 -0.332256
301.819 -0.331007
301.829 -0.332455
301.839 -0.333059
301.849 -0.334542
301.859 -0.330908
301.869 -0.331476
301.879 -0.331981
301.889 -0.331420
301.899 -0.328738
301.910 -0.326652
301.920 -0.328648
301.930 -0.327803
301.940 -0.324440
301.950 -0.326397
301.960 -0.328193
301.970 -0.329345
301.980 -0.329130
301.990 -0.335329
302.000 -0.336374
302.010 -0.334068
302.020 -0.333105
302.030 -0.333174
302.040 -0.334104
302.050 -0.334928
302.060 -0.332023
302.070 -0.330492
302.080 -0.327448
302.090 -0.326898
302.100 -0.325529
302.110 -0.324711
302.120 -0.322470
302.130 -0.318093
302.140 -0.317580
302.150 -0.316185
302.160 -0.314522
302.170 -0.312694
302.180 -0.307995
302.190 -0.304329
302.200 -0.303223
302.210 -0.301498
302.220 -0.302041
302.230 -0.297331
302.240 -0.298088
302.251 -0.293893
302.261 -0.292654
302.271 -0.290264
302.281 -0.290082
302.291 -0.287404
302.301 -0.285736
302.311 -0.281558
302.321 -0.279125
302.331 -0.277416
302.341 -0.275156
302.351 -0.274471
302.361 -0.272721
302.371 -0.271974
302.381 -0.268490
302.391 -0.267603
302.401 -0.265063
302.411 -0.262251
302.422 -0.260177
302.432 -0.256106
302.442 -0.254974
302.452 -0.253376
302.462 -0.249654
302.472 -0.249004
302.482 -0.244989
302.492 -0.243217
302.502 -0.241408
302.512 -0.241028
302.522 -0.240093
302.532 -0.237408
302.542 -0.237392
302.552 -0.234986
302.562 -0.231030
302.572 -0.234110
302.582 -0.237969
302.592 -0.235597
302.602 -0.234380
302.612 -0.232587
302.622 -0.235072
302.632 -0.232222
302.642 -0.231728
302.652 -0.231465
302.662 -0.233204
302.672 -0.233438
302.682 -0.230226
302.692 -0.231836
302.702 -0.231019
302.712 -0.233717
302.722 -0.232897
302.732 -0.230927
302.742 -0.233987
302.752 -0.237070
302.763 -0.237430
302.773 -0.237083
302.783 -0.235807
302.793 -0.238935
302.803 -0.240778
302.813 -0.241884
302.823 -0.244535
302.833 -0.247771
302.843 -0.250084
302.853 -0.251005
302.863 -0.253003
302.873 -0.252974
302.883 -0.255628
302.893 -0.257295
302.903 -0.258297
302.913 -0.261254
302.923 -0.262971
302.934 -0.265024
302.944 -0.266861
302.954 -0.268460
302.964 -0.273242
302.974 -0.273077
302.984 -0.276529
302.994 -0.276988
303.004 -0.280048
303.014 -0.283612
303.024 -0.283826
303.034 -0.286487
303.044 -0.290848
303.054 -0.292522
303.064 -0.292794
303.074 -0.296039
303.084 -0.297190
303.094 -0.301623
303.104 -0.301768
303.114 -0.302361
303.124 -0.303053
303.134 -0.304990
303.144 -0.306713
303.154 -0.308599
303.164 -0.310684
303.174 -0.309149
303.184 -0.310659
303.194 -0.312284
303.204 -0.314100
303.214 -0.316266
303.224 -0.318496
303.234 -0.316607
303.244 -0.318052
303.254 -0.318179
303.264 -0.319775
303.275 -0.320601
303.285 -0.321482
303.295 -0.323028
303.305 -0.324432
303.315 -0.324609
303.325 -0.324720
303.335 -0.325088
303.345 -0.323433
303.355 -0.325896
303.365 -0.325600
303.375 -0.324907
303.385 -0.323887
303.395 -0.324633
303.405 -0.324201
303.415 -0.323683
303.425 -0.321097
303.435 -0.318694
303.446 -0.315108
303.456 -0.316672
303.466 -0.315929
303.476 -0.314946
303.486 -0.314645
303.496 -0.312960
303.506 -0.311571
303.516 -0.309555
303.526 -0.308096
303.536 -0.309360
303.546 -0.308175
303.556 -0.307680
303.566 -0.305894
303.576 -0.304211
303.586 -0.302382
303.596 -0.302263
303.606 -0.300559
303.616 -0.297985
303.626 -0.297768
303.636 -0.294335
303.646 -0.292630
303.656 -0.293522
303.666 -0.291670
303.676 -0.288944
303.686 -0.288567
303.696 -0.286778
303.706 -0.284027
303.716 -0.283551
303.726 -0.280414
303.736 -0.279026
303.746 -0.277324
303.756 -0.273831
303.766 -0.274276
303.776 -0.270320
303.787 -0.268826
303.797 -0.268225
303.807 -0.265089
303.817 -0.264405
303.827 -0.261160
303.837 -0.259581
303.847 -0.259532
303.857 -0.257384
303.867 -0.256106
303.877 -0.253922
303.887 -0.254886
303.897 -0.253743
303.907 -0.254326
303.917 -0.254089
303.927 -0.253587
303.937 -0.254264
303.947 -0.251578
303.958 -0.250302
303.968 -0.250494
303.978 -0.249328
303.988 -0.249364
303.998 -0.248312
304.008 -0.247916
304.018 -0.245187
304.028 -0.249757
304.038 -0.245630
304.048 -0.245692
304.058 -0.247430
304.068 -0.246874
304.078 -0.247270
304.088 -0.249206
304.098 -0.248545
304.108 -0.249713
304.118 -0.253548
304.128 -0.252273
304.138 -0.252659
304.148 -0.254699
304.158 -0.254877
304.168 -0.255276
304.178 -0.255591
304.188 -0.255551
304.198 -0.257231
304.208 -0.257355
304.218 -0.257255
304.228 -0.259558
304.238 -0.261833
304.248 -0.262895
304.258 -0.264802
304.268 -0.267369
304.278 -0.267441
304.288 -0.267836
304.299 -0.269832
304.309 -0.273213
304.319 -0.273828
304.329 -0.275970
304.339 -0.278000
304.349 -0.281816
304.359 -0.282796
304.369 -0.282379
304.379 -0.284596
304.389 -0.284532
304.399 -0.285139
304.409 -0.286789
304.419 -0.287894
304.429 -0.289725
304.439 -0.290096
304.449 -0.291922
304.459 -0.294200
304.470 -0.294616
304.480 -0.295234
304.490 -0.296589
304.500 -0.299023
304.510 -0.300665
304.520 -0.301021
304.530 -0.302170
304.540 -0.302337
304.550 -0.304480
304.560 -0.305485
304.570 -0.304712
304.580 -0.306287
304.590 -0.307964
304.600 -0.307962
304.610 -0.309861
304.620 -0.309891
304.630 -0.312269
304.640 -0.311318
304.650 -0.311347
304.660 -0.312165
304.670 -0.310985
304.680 -0.313092
304.690 -0.311777
304.700 -0.314146
304.710 -0.314433
304.720 -0.313124
304.730 -0.312759
304.740 -0.311413
304.750 -0.312831
304.760 -0.311717
304.770 -0.310580
304.780 -0.311641
304.790 -0.313311
304.800 -0.311596
304.811 -0.311383
304.821 -0.310568
304.831 -0.311788
304.841 -0.309505
304.851 -0.308345
304.861 -0.307975
304.871 -0.307865
304.881 -0.306402
304.891 -0.306790
304.901 -0.306620
304.911 -0.305316
304.921 -0.304403
304.931 -0.302426
304.941 -0.302283
304.951 -0.301005
304.961 -0.299836
304.971 -0.300049
304.982 -0.296971
304.992 -0.298744
305.002 -0.295953
305.012 -0.294814
305.022 -0.295644
305.032 -0.292776
305.042 -0.292820
305.052 -0.291193
305.062 -0.290209
305.072 -0.289371
305.082 -0.287961
305.092 -0.286082
305.102 -0.284013
305.112 -0.283854
305.122 -0.281914
305.132 -0.282003
305.142 -0.278583
305.152 -0.278380
305.162 -0.279049
305.172 -0.276410
305.182 -0.277110
305.192 -0.274978
305.202 -0.274922
305.212 -0.274461
305.222 -0.272805
305.232 -0.272644
305.242 -0.272662
305.252 -0.270940
305.262 -0.271571
305.272 -0.271241
305.282 -0.270453
305.292 -0.268890
305.302 -0.269144
305.312 -0.269098
305.323 -0.266751
305.333 -0.264539
305.343 -0.264107
305.353 -0.262052
305.363 -0.262339
305.373 -0.262827
305.383 -0.264407
305.393 -0.261751
305.403 -0.263025
305.413 -0.261201
305.423 -0.261672
305.433 -0.263342
305.443 -0.263927
305.453 -0.265377
305.463 -0.265663
305.473 -0.266113
305.483 -0.265050
305.494 -0.265877
305.504 -0.266523
305.514 -0.266499
305.524 -0.267224
305.534 -0.268163
305.544 -0.267868
305.554 -0.269247
305.564 -0.268692
305.574 -0.270417
305.584 -0.270800
305.594 -0.270055
305.604 -0.270572
305.614 -0.273803
305.624 -0.273694
305.634 -0.274064
305.644 -0.275373
305.654 -0.275076
305.664 -0.275867
305.674 -0.277573
305.684 -0.278193
305.694 -0.279383
305.704 -0.279609
305.714 -0.281069
305.724 -0.281194
305.734 -0.280877
305.744 -0.283211
305.754 -0.283496
305.764 -0.283888
305.774 -0.285358
305.784 -0.287224
305.794 -0.287676
305.804 -0.290465
305.814 -0.288107
305.824 -0.288963
305.835 -0.289307
305.845 -0.289701
305.855 -0.291370
305.865 -0.292325
305.875 -0.292387
305.885 -0.292109
305.895 -0.293263
305.905 -0.292810
305.915 -0.294170
305.925 -0.295275
305.935 -0.295550
305.945 -0.295344
305.955 -0.296441
305.965 -0.295156
305.975 -0.295599
305.985 -0.297288
305.995 -0.298993
306.006 -0.297332
306.016 -0.299846
306.026 -0.299806
306.036 -0.300441
306.046 -0.300884
306.056 -0.300446
306.066 -0.300255
306.076 -0.300347
306.086 -0.301488
306.096 -0.301246
306.106 -0.300445
306.116 -0.300741
306.126 -0.302096
306.136 -0.300985
306.146 -0.299908
306.156 -0.301280
306.166 -0.303025
306.176 -0.302055
306.186 -0.301026
306.196 -0.301242
306.206 -0.300821
306.216 -0.299619
306.226 -0.299378
306.236 -0.299487
306.246 -0.299899
306.256 -0.298807
306.266 -0.298941
306.276 -0.299122
306.286 -0.298659
306.296 -0.298870
306.306 -0.300291
306.316 -0.297832
306.326 -0.299125
306.336 -0.298380
306.347 -0.298307
306.357 -0.299058
306.367 -0.296323
306.377 -0.295985
306.387 -0.297797
306.397 -0.294722
306.407 -0.294513
306.417 -0.292674
306.427 -0.292419
306.437 -0.291273
306.447 -0.290246
306.457 -0.289706
306.467 -0.290224
306.477 -0.288818
306.487 -0.287926
306.497 -0.287987
306.507 -0.287379
306.518 -0.287778
306.528 -0.284418
306.538 -0.285509
306.548 -0.284589
306.558 -0.284262
306.568 -0.283428
306.578 -0.283285
306.588 -0.282037
306.598 -0.282673
306.608 -0.282271
306.618 -0.280067
306.628 -0.279914
306.638 -0.278901
306.648 -0.280191
306.658 -0.280232
306.668 -0.279825
306.678 -0.277589
306.688 -0.277615
306.698 -0.278015
306.708 -0.276716
306.718 -0.276713
306.728 -0.278268
306.738 -0.277580
306.748 -0.277116
306.758 -0.276122
306.768 -0.278189
306.778 -0.277473
306.788 -0.278040
306.798 -0.276705
306.808 -0.277104
306.818 -0.277535
306.828 -0.277034
306.838 -0.276939
306.848 -0.275633
306.859 -0.278900
306.869 -0.276942
306.879 -0.274562
306.889 -0.276394
306.899 -0.276670
306.909 -0.274791
306.919 -0.275687
306.929 -0.276082
306.939 -0.275805
306.949 -0.275775
306.959 -0.276653
306.969 -0.277358
306.979 -0.279396
306.989 -0.279824
306.999 -0.280598
307.009 -0.281200
307.019 -0.283600
307.030 -0.282720
307.040 -0.281865
307.050 -0.283063
307.060 -0.283159
307.070 -0.284086
307.080 -0.283987
307.090 -0.283458
307.100 -0.284011
307.110 -0.284996
307.120 -0.285381
307.130 -0.284856
307.140 -0.284575
307.150 -0.285068
307.160 -0.286141
307.170 -0.287168
307.180 -0.285634
307.190 -0.286739
307.200 -0.286155
307.210 -0.287025
307.220 -0.287903
307.230 -0.288520
307.240 -0.288936
307.250 -0.289686
307.260 -0.291185
307.270 -0.290376
307.280 -0.291296
307.290 -0.291647
307.300 -0.290893
307.310 -0.290975
307.320 -0.292099
307.330 -0.292133
307.340 -0.291246
307.350 -0.289368
307.360 -0.291164
307.371 -0.291951
307.381 -0.292291
307.391 -0.292323
307.401 -0.292575
307.411 -0.294146
307.421 -0.293607
307.431 -0.296024
307.441 -0.295543
307.451 -0.294700
307.461 -0.293176
307.471 -0.292643
307.481 -0.294253
307.491 -0.294435
307.501 -0.294631
307.511 -0.295751
307.521 -0.294522
307.531 -0.295538
307.542 -0.295911
307.552 -0.296069
307.562 -0.295627
307.572 -0.294776
307.582 -0.295198
307.592 -0.293444
307.602 -0.293242
307.612 -0.293396
307.622 -0.293906
307.632 -0.294318
307.642 -0.296166
307.652 -0.296574
307.662 -0.293427
307.672 -0.294613
307.682 -0.294370
307.692 -0.295861
307.702 -0.294688
307.712 -0.294601
307.722 -0.294906
307.732 -0.296259
307.742 -0.296470
307.752 -0.295086
307.762 -0.295332
307.772 -0.295302
307.782 -0.295010
307.792 -0.295208
307.802 -0.295067
307.812 -0.292928
307.822 -0.294754
307.832 -0.293977
307.842 -0.293683
307.852 -0.292425
307.862 -0.293039
307.872 -0.292327
307.883 -0.291077
307.893 -0.292069
307.903 -0.291570
307.913 -0.290444
307.923 -0.289781
307.933 -0.289345
307.943 -0.289941
307.953 -0.290538
307.963 -0.288308
307.973 -0.288593
307.983 -0.289643
307.993 -0.289850
308.003 -0.288305
308.013 -0.288298
308.023 -0.288079
308.033 -0.285477
308.043 -0.286386
308.054 -0.287040
308.064 -0.285523
308.074 -0.286061
308.084 -0.285395
308.094 -0.285630
308.104 -0.284903
308.114 -0.284845
308.124 -0.285106
308.134 -0.284901
308.144 -0.286029
308.154 -0.285333
308.164 -0.283604
308.174 -0.284453
308.184 -0.285422
308.194 -0.286428
308.204 -0.288035
308.214 -0.286007
308.224 -0.284835
308.234 -0.286747
308.244 -0.285576
308.254 -0.284503
308.264 -0.283255
308.274 -0.285884
308.284 -0.286705
308.294 -0.285559
308.304 -0.285813
308.314 -0.286579
308.324 -0.288369
308.334 -0.288743
308.344 -0.287744
308.354 -0.287224
308.364 -0.288339
308.374 -0.286389
308.384 -0.286394
308.395 -0.285625
308.405 -0.289122
308.415 -0.285051
308.425 -0.285696
308.435 -0.285385
308.445 -0.284876
308.455 -0.285044
308.465 -0.286388
308.475 -0.286261
308.485 -0.286024
308.495 -0.285744
308.505 -0.287850
308.515 -0.288643
308.525 -0.289472
308.535 -0.288968
308.545 -0.287456
308.555 -0.290080
308.566 -0.290320
308.576 -0.289412
308.586 -0.290160
308.596 -0.290117
308.606 -0.291084
308.616 -0.288948
308.626 -0.288706
308.636 -0.287245
308.646 -0.288074
308.656 -0.288287
308.666 -0.289631
308.676 -0.288194
308.686 -0.289968
308.696 -0.288553
308.706 -0.288915
308.716 -0.290124
308.726 -0.289711
308.736 -0.288871
308.746 -0.289802
308.756 -0.291315
308.766 -0.290000
308.776 -0.290560
308.786 -0.290177
308.796 -0.291118
308.806 -0.291796
308.816 -0.291887
308.826 -0.291925
308.836 -0.292405
308.846 -0.292069
308.856 -0.291432
308.866 -0.291726
308.876 -0.292660
308.886 -0.291516
308.896 -0.291898
308.907 -0.292768
308.917 -0.292309
308.927 -0.291271
308.937 -0.291120
308.947 -0.291460
308.957 -0.292172
308.967 -0.290189
308.977 -0.292489
308.987 -0.292847
308.997 -0.293123
309.007 -0.292282
309.017 -0.292150
309.027 -0.292177
309.037 -0.293042
309.047 -0.291412
309.057 -0.292541
309.067 -0.291447
309.078 -0.291039
309.088 -0.291844
309.098 -0.290768
309.108 -0.293152
309.118 -0.291951
309.128 -0.290876
309.138 -0.292659
309.148 -0.291197
309.158 -0.291160
309.168 -0.290509
309.178 -0.290711
309.188 -0.291325
309.198 -0.289489
309.208 -0.289535
309.218 -0.289629
309.228 -0.290050
309.238 -0.290534
309.248 -0.289413
309.258 -0.291624
309.268 -0.290231
309.278 -0.290526
309.288 -0.290524
309.298 -0.293255
309.308 -0.291371
309.318 -0.292282
309.328 -0.293252
309.338 -0.291789
309.348 -0.292263
309.358 -0.291689
309.368 -0.290742
309.378 -0.291422
309.388 -0.291650
309.398 -0.292499
309.408 -0.291548
309.419 -0.292161
309.429 -0.291520
309.439 -0.290367
309.449 -0.291266
309.459 -0.292509
309.469 -0.291634
309.479 -0.289125
309.489 -0.291542
309.499 -0.292616
309.509 -0.290170
309.519 -0.292138
309.529 -0.293032
309.539 -0.290993
309.549 -0.291685
309.559 -0.292725
309.569 -0.291990
309.579 -0.289701
309.590 -0.288924
309.600 -0.290877
309.610 -0.290376
309.620 -0.289054
309.630 -0.290265
309.640 -0.291682
309.650 -0.290990
309.660 -0.289147
309.670 -0.289314
309.680 -0.290339
309.690 -0.290829
309.700 -0.289678
309.710 -0.289297
309.720 -0.291877
309.730 -0.292746
309.740 -0.290400
309.750 -0.291387
309.760 -0.290373
309.770 -0.291458
309.780 -0.291001
309.790 -0.291698
309.800 -0.290372
309.810 -0.291033
309.820 -0.290781
309.830 -0.290702
309.840 -0.291409
309.850 -0.291389
309.860 -0.292250
309.870 -0.291034
309.880 -0.293737
309.890 -0.292947
309.900 -0.292290
309.910 -0.292908
309.920 -0.290293
309.931 -0.292356
309.941 -0.292980
309.951 -0.291543
309.961 -0.291670
309.971 -0.290316
309.981 -0.292344
309.991 -0.291114
310.001 -0.291022
310.011 -0.290895
310.021 -0.290677
310.031 -0.288923
310.041 -0.290881
310.051 -0.291761
310.061 -0.291087
310.071 -0.291924
310.081 -0.291002
310.091 -0.290648
310.102 -0.291739
310.112 -0.291045
310.122 -0.290516
310.132 -0.290795
310.142 -0.291129
310.152 -0.291730
310.162 -0.291393
310.172 -0.293156
310.182 -0.293878
310.192 -0.293300
310.202 -0.292755
310.212 -0.293432
310.222 -0.293571
310.232 -0.292747
310.242 -0.291400
310.252 -0.292724
310.262 -0.293879
310.272 -0.293748
310.282 -0.293077
310.292 -0.292056
310.302 -0.293440
310.312 -0.293221
310.322 -0.291386
310.332 -0.291839
310.342 -0.292047
310.352 -0.293040
310.362 -0.292653
310.372 -0.293287
310.382 -0.291639
310.392 -0.292826
310.402 -0.291978
310.412 -0.292524
310.422 -0.292020
310.432 -0.291991
310.443 -0.292826
310.453 -0.291583
310.463 -0.293039
310.473 -0.293224
310.483 -0.293688
310.493 -0.292622
310.503 -0.292424
310.513 -0.292256
310.523 -0.292052
310.533 -0.291586
310.543 -0.292734
310.553 -0.291323
310.563 -0.293025
310.573 -0.291367
310.583 -0.292446
310.593 -0.293419
310.603 -0.292874
310.614 -0.292973
310.624 -0.292292
310.634 -0.292456
310.644 -0.293225
310.654 -0.293035
310.664 -0.292088
310.674 -0.291996
310.684 -0.292792
310.694 -0.293532
310.704 -0.292278
310.714 -0.292145
310.724 -0.290892
310.734 -0.292720
310.744 -0.292327
310.754 -0.291409
310.764 -0.293602
310.774 -0.292707
310.784 -0.292566
310.794 -0.291685
310.804 -0.292131
310.814 -0.292203
310.824 -0.292894
310.834 -0.291410
310.844 -0.292375
310.854 -0.293614
310.864 -0.292725
310.874 -0.292637
310.884 -0.293453
310.894 -0.293378
310.904 -0.291787
310.914 -0.292714
310.924 -0.292260
310.934 -0.291534
310.944 -0.293096
310.955 -0.292606
310.965 -0.292408
310.975 -0.292101
310.985 -0.292852
310.995 -0.293978
311.005 -0.293784
311.015 -0.291978
311.025 -0.292721
311.035 -0.290643
311.045 -0.290841
311.055 -0.291190
311.065 -0.293004
311.075 -0.291755
311.085 -0.291870
311.095 -0.291470
311.105 -0.292253
311.115 -0.292933
311.126 -0.292234
311.136 -0.293334
311.146 -0.293501
311.156 -0.292906
311.166 -0.291517
311.176 -0.291789
311.186 -0.291453
311.196 -0.290818
311.206 -0.292634
311.216 -0.292556
311.226 -0.291457
311.236 -0.291444
311.246 -0.293328
311.256 -0.293166
311.266 -0.292527
311.276 -0.294273
311.286 -0.294551
311.296 -0.294958
311.306 -0.293303
311.316 -0.292453
311.326 -0.293878
311.336 -0.294010
311.346 -0.294064
311.356 -0.293655
311.366 -0.294565
311.376 -0.293816
311.386 -0.294436
311.396 -0.295313
311.406 -0.293574
311.416 -0.293183
311.426 -0.291699
311.436 -0.292261
311.446 -0.292354
311.456 -0.293041
311.467 -0.290728
311.477 -0.291683
311.487 -0.291671
311.497 -0.292673
311.507 -0.290528
311.517 -0.291553
311.527 -0.292309
311.537 -0.291114
311.547 -0.292844
311.557 -0.293815
311.567 -0.291569
311.577 -0.291855
311.587 -0.292033
311.597 -0.293027
311.607 -0.292815
311.617 -0.293466
311.627 -0.292058
311.638 -0.292046
311.648 -0.292525
311.658 -0.290748
311.668 -0.291983
311.678 -0.292192
311.688 -0.292137
311.698 -0.293184
311.708 -0.290977
311.718 -0.291755
311.728 -0.294593
311.738 -0.293601
311.748 -0.294265
311.758 -0.292181
311.768 -0.293701
311.778 -0.293384
311.788 -0.291240
311.798 -0.290086
311.808 -0.291309
311.818 -0.293489
311.828 -0.291295
311.838 -0.291709
311.848 -0.293054
311.858 -0.292006
311.868 -0.291913
311.878 -0.291108
311.888 -0.292310
311.898 -0.291851
311.908 -0.290395
311.918 -0.290973
311.928 -0.291052
311.938 -0.294125
311.948 -0.291451
311.958 -0.291829
311.968 -0.292159
311.979 -0.292639
311.989 -0.293013
311.999 -0.292464
312.009 -0.291867
312.019 -0.292937
312.029 -0.293567
312.039 -0.291109
312.049 -0.294336
312.059 -0.294968
312.069 -0.293531
312.079 -0.292071
312.089 -0.291228
312.099 -0.293769
312.109 -0.292637
312.119 -0.291893
312.129 -0.293016
312.139 -0.294797
312.150 -0.294877
312.160 -0.292524
312.170 -0.293170
312.180 -0.294458
312.190 -0.292286
312.200 -0.291837
312.210 -0.292210
312.220 -0.294625
312.230 -0.295041
312.240 -0.293637
312.250 -0.294758
312.260 -0.293482
312.270 -0.293065
312.280 -0.294347
312.290 -0.294746
312.300 -0.295766
312.310 -0.292848
312.320 -0.295066
312.330 -0.294874
312.340 -0.294097
312.350 -0.295007
312.360 -0.295638
312.370 -0.295554
312.380 -0.294341
312.390 -0.294441
312.400 -0.293422
312.410 -0.294173
312.420 -0.293784
312.430 -0.294325
312.440 -0.293160
312.450 -0.294562
312.460 -0.295164
312.470 -0.296016
312.480 -0.294481
312.491 -0.296098
312.501 -0.293650
312.511 -0.294968
312.521 -0.295017
312.531 -0.294193
312.541 -0.294399
312.551 -0.294150
312.561 -0.295597
312.571 -0.293805
312.581 -0.295834
312.591 -0.293672
312.601 -0.295112
312.611 -0.293866
312.621 -0.293827
312.631 -0.294886
312.641 -0.294837
312.651 -0.295537
312.662 -0.295381
312.672 -0.295157
312.682 -0.295044
312.692 -0.295929
312.702 -0.294518
312.712 -0.293208
312.722 -0.294080
312.732 -0.294880
312.742 -0.294294
312.752 -0.293869
312.762 -0.294939
312.772 -0.294989
312.782 -0.294791
312.792 -0.294777
312.802 -0.292563
312.812 -0.292814
312.822 -0.293934
312.832 -0.292906
312.842 -0.292375
312.852 -0.292897
312.862 -0.293140
312.872 -0.293771
312.882 -0.292456
312.892 -0.292191
312.902 -0.293387
312.912 -0.292591
312.922 -0.292154
312.932 -0.293411
312.942 -0.294338
312.952 -0.291705
312.962 -0.292933
312.972 -0.293062
312.982 -0.292974
312.992 -0.292758
313.003 -0.292736
313.013 -0.293361
313.023 -0.293435
313.033 -0.295012
313.043 -0.293162
313.053 -0.294254
313.063 -0.293871
313.073 -0.295871
313.083 -0.293417
313.093 -0.294015
313.103 -0.294407
313.113 -0.293926
313.123 -0.293734
313.133 -0.293274
313.143 -0.295853
313.153 -0.294699
313.163 -0.294628
313.174 -0.295987
313.184 -0.295044
313.194 -0.293531
313.204 -0.294575
313.214 -0.292885
313.224 -0.294607
313.234 -0.293435
313.244 -0.294596
313.254 -0.293108
313.264 -0.293596
313.274 -0.294870
313.284 -0.295401
313.294 -0.295755
313.304 -0.296374
313.314 -0.294687
313.324 -0.294315
313.334 -0.296864
313.344 -0.295421
313.354 -0.296026
313.364 -0.294573
313.374 -0.295062
313.384 -0.294571
313.394 -0.294986
313.404 -0.295160
313.414 -0.295502
313.424 -0.296149
313.434 -0.297119
313.444 -0.296431
313.454 -0.295757
313.464 -0.294726
313.474 -0.295010
313.484 -0.295265
313.494 -0.297026
313.504 -0.296647
313.515 -0.296881
313.525 -0.296266
313.535 -0.296516
313.545 -0.296210
313.555 -0.295880
313.565 -0.295826
313.575 -0.296633
313.585 -0.296344
313.595 -0.296677
313.605 -0.299151
313.615 -0.296216
313.625 -0.296172
313.635 -0.294712
313.645 -0.294169
313.655 -0.295284
313.665 -0.296817
313.675 -0.295559
313.686 -0.296547
313.696 -0.295841
313.706 -0.297102
313.716 -0.296160
313.726 -0.297550
313.736 -0.295899
313.746 -0.296786
313.756 -0.296534
313.766 -0.297345
313.776 -0.294977
313.786 -0.296269
313.796 -0.297066
313.806 -0.294404
313.816 -0.293391
313.826 -0.293408
313.836 -0.294379
313.846 -0.296153
313.856 -0.295426
313.866 -0.294244
313.876 -0.295129
313.886 -0.295859
313.896 -0.294043
313.906 -0.295038
313.916 -0.295188
313.926 -0.294503
313.936 -0.294883
313.946 -0.296646
313.956 -0.296886
313.966 -0.295585
313.976 -0.297276
313.986 -0.296168
313.996 -0.296746
314.006 -0.296431
314.016 -0.296499
314.027 -0.297004
314.037 -0.297376
314.047 -0.295127
314.057 -0.295616
314.067 -0.296422
314.077 -0.297189
314.087 -0.296089
314.097 -0.295533
314.107 -0.295467
314.117 -0.295136
314.127 -0.295396
314.137 -0.296061
314.147 -0.294728
314.157 -0.294621
314.167 -0.296471
314.177 -0.296976
314.187 -0.297821
314.198 -0.296327
314.208 -0.298344
314.218 -0.296934
314.228 -0.295272
314.238 -0.296476
314.248 -0.295799
314.258 -0.295594
314.268 -0.296679
314.278 -0.294874
314.288 -0.295945
314.298 -0.296390
314.308 -0.296529
314.318 -0.295023
314.328 -0.296550
314.338 -0.296701
314.348 -0.296102
314.358 -0.296413
314.368 -0.295461
314.378 -0.298358
314.388 -0.297410
314.398 -0.296992
314.408 -0.299276
314.418 -0.297829
314.428 -0.297516
314.438 -0.297678
314.448 -0.296412
314.458 -0.297550
314.468 -0.298858
314.478 -0.296935
314.488 -0.296277
314.498 -0.296048
314.508 -0.297775
314.518 -0.296856
314.528 -0.297579
314.539 -0.297388
314.549 -0.297637
314.559 -0.297337
314.569 -0.296843
314.579 -0.298657
314.589 -0.298096
314.599 -0.295870
314.609 -0.297896
314.619 -0.297082
314.629 -0.297633
314.639 -0.298504
314.649 -0.297243
314.659 -0.296991
314.669 -0.296449
314.679 -0.296522
314.689 -0.296503
314.699 -0.297202
314.710 -0.295881
314.720 -0.296108
314.730 -0.295789
314.740 -0.294571
314.750 -0.294715
314.760 -0.295822
314.770 -0.296723
314.780 -0.296358
314.790 -0.295858
314.800 -0.296390
314.810 -0.297149
314.820 -0.297458
314.830 -0.297449
314.840 -0.295396
314.850 -0.295912
314.860 -0.296735
314.870 -0.295806
314.880 -0.296236
314.890 -0.297199
314.900 -0.296356
314.910 -0.297040
